20080109
20080116
20080123
20080130
20080213
20080220
20080227
20080305
20080319
20080402
20080409
20080423
20080507
20080514
20080528
20080605
20080611
20080618
20080703
20080917
20080924
20081008
20081015
20081019
20081104
20081119
20081126
20081203
20081210
20081217
20090107
20090114
20090121
20090204
20090211
20090218
20090225
20090311
20090318
20090401
20090408
20090419
20090422
20090506
20090513
20090521
20090527
20090603
20090610
20090624
20090916
20090923
20091007
20091014
20091021
20091101
20091111
20091202
20091209
20091216
20091223
20100106
20100113
20100120
20100127
20100203
20100210
20100224
20100303
20100310
20100317
20100331
20100407
20100418
20100421
20100428
20100512
20100519
20100526
20100602
20100609
20100620
20100707
20100714
20100908
20100915
20100923
20101006
20101013
20101020
20101031
20101110
20101117
20101124
20101201
20101208
20101215
20101223
20110105
20110112
20110119
20110126
20110209
20110216
20110223
20110302
20110309
20110316
20110330
20110406
20110417
20110420
20110504
20110518
20110525
20110601
20110608
20110615
20110622
20110706
20110914
20110921
20110928
20111006
20111012
20111023
20111026
20111109
20111116
20111123
20111130
20111207
20111214
20111221
20120104
20120111
20120118
20120201
20120208
20120215
20120222
20120229
20120307
20120314
20120328
20120415
20120418
20120425
20120502
20120509
20120530
20120606
20120613
20120620
20120704
20120711
20120912
20120919
20120926
20121010
20121021
20121024
20121107
20121121
20121128
20121205
20121212
20121219
20121228
20130109
20130116
20130123
20130130
20130206
20130220
20130227
20130306
20130313
20130327
20130410
20130414
20130417
20130424
20130508
20130515
20130522
20130529
20130605
20130619
20130626
20130704
20130710
20130911
20130917
20130925
20131009
20131020
20131023
20131106
20131113
20131120
20131127
20131204
20131211
20131218
20131226
20140108
20140115
20140122
20140205
20140212
20140219
20140226
20140305
20140312
20140319
20140402
20140409
20140416
20140430
20140507
20140514
20140521
20140528
20140605
20141019
20141022
20141029
20141112
20141119
20141126
20141203
20141210
20141217
20150107
20150114
20150121
20150128
20150204
20150211
20150225
20150304
20150311
20150318
20150401
20150415
20150422
20150429
20150506
20150513
20150520
20150603
20150610
20150617
20150624
20150708
20150909
20150916
20150923
20151007
20151014
20151022
20151101
20151111
20151125
20151202
20151209
20151216
20151223
20160106
20160113
20160120
20160203
20160217
20160224
20160302
20160309
20160316
20160323
20160331
20160413
20160420
20160427
20160504
20160511
20160518
20160601
20160609
20160615
20160622
20160706
20160907
20160921
20160928
20161005
20161012
20161019
20161026
20161030
20161109
20161116
20161123
20161130
20161207
20161214
20161222
20170104
20170111
20170125
20170202
20170208
20170215
20170222
20170308
20170315
20170322
20170329
20170412
20170420
20170426
20170503
20170510
20170517
20170524
20170607
20170614
20170621
20170628
20170712
20170906
20170913
20170920
20170927
20171005
20171011
20171018
20171025
20171029
20171108
20171115
20171122
20171129
20171206
20171213
20171220
20171227
20180110
20180117
20180131
20180207
20180214
20180221
20180307
20180314
20180321
20180328
20180411
20180418
20180425
20180509
20180516
20180523
20180606
20180613
20180627
20180704
20180711